0.7370892018779343
0.7259615384615384
0.7177033492822966
0.7338709677419355
0.7075471698113207
0.7035175879396985
0.705607476635514
0.6820809248554913
0.6956521739130435
0.7135678391959799
0.7150259067357513
0.7185929648241206
0.7009803921568627
0.6944444444444444
0.7025316455696202
0.7
0.7202380952380952
0.7135678391959799
0.7253886010362695
0.711764705882353
0.6994219653179191
0.6983240223463687
0.714975845410628
0.7563451776649747
0.7279069767441861
0.6875
0.7100591715976331
0.7293577981651376
0.7112970711297071
0.7089201877934272
0.6682692307692307
0.7034632034632035
0.7601626016260162
0.7355769230769231
0.7089201877934272
0.7393364928909952
0.7157360406091371
0.7410714285714286
0.7307692307692307
0.7037037037037037
0.7075471698113207
0.729064039408867
0.7403846153846154
0.7188940092165899
0.69377990430622
0.6772486772486772
0.7198067632850241
0.6860986547085202
