0.5833333333333334
0.6058823529411764
0.6213592233009708
0.5581395348837209
0.5401785714285714
0.5702127659574469
0.5625
0.49411764705882355
0.7033898305084746
0.559322033898305
0.6274509803921569
0.7
0.5888888888888889
0.6142857142857143
0.6333333333333333
0.5023255813953489
0.58125
0.5743589743589743
0.5446808510638298
0.6137254901960785
0.6375
0.5745098039215686
0.5215686274509804
0.7168949771689498
0.583710407239819
0.5672268907563025
0.5745098039215686
0.6254901960784314
0.5700934579439252
0.45408163265306123
0.4368932038834951
0.47368421052631576
0.5263157894736842
0.49214659685863876
0.4495798319327731
0.4380952380952381
0.48333333333333334
0.38823529411764707
0.5898876404494382
0.6143790849673203
0.5567010309278351
0.529126213592233
0.5058823529411764
0.5492227979274611
0.5980861244019139
0.5411764705882353
0.4579831932773109
0.5569620253164557
0.5529411764705883
0.6101694915254238
0.6655405405405406
0.4647887323943662
0.5641025641025641
0.547945205479452
0.5058823529411764
0.6666666666666666
0.4103585657370518
0.5802469135802469
0.5125628140703518
0.5466666666666666
0.6540284360189573
0.4470588235294118
0.5833333333333334
0.5403225806451613
0.5473251028806584
0.553763440860215
0.5764705882352941
0.49411764705882355
0.5607843137254902
0.5194805194805194
0.6023391812865497
0.5436893203883495
0.48627450980392156
0.45098039215686275
0.5281385281385281
0.5441176470588235
0.5598086124401914
0.5297619047619048
0.5721153846153846
0.5452261306532664
0.4940239043824701
0.5288461538461539
0.6338383838383839
0.5347222222222223
0.5488372093023256
0.6283783783783784
0.6446700507614214
0.574468085106383
0.6931216931216931
0.6078431372549019
0.47950819672131145
0.6534653465346535
0.48284313725490197
0.5176470588235295
0.6694214876033058
0.6196078431372549
0.6235294117647059
0.582995951417004
0.547244094488189
0.5254901960784314
0.6172839506172839
0.44761904761904764
0.5384615384615384
0.7607843137254902
0.4607843137254902
0.6980392156862745
0.581081081081081
0.6311475409836066
0.5411764705882353
0.5847953216374269
0.6082474226804123
0.43956043956043955
0.5592417061611374
0.6265822784810127
0.6618357487922706
0.5802469135802469
0.5121951219512195
0.5422885572139303
0.5357142857142857
0.6192893401015228
0.5308641975308642
0.5416666666666666
0.5841121495327103
0.6464088397790055
0.654054054054054
0.670854271356784
0.6918238993710691
0.5542857142857143
0.5441176470588235
0.6910994764397905
0.49528301886792453
0.6468085106382979
