0.5647058823529412
0.6113744075829384
0.576271186440678
0.5714285714285714
0.39416058394160586
0.4624505928853755
0.5507246376811594
0.519774011299435
0.4915254237288136
0.6039215686274509
0.5604166666666667
0.5959183673469388
0.6460674157303371
0.5492957746478874
0.5792682926829269
0.6405529953917051
0.5735294117647058
0.6123595505617978
0.6023391812865497
0.5555555555555556
0.6299019607843137
0.5533333333333333
0.5116279069767442
0.5572916666666666
0.5865921787709497
0.616504854368932
0.5340909090909091
0.6213592233009708
0.5333333333333333
0.6346153846153846
0.5130890052356021
0.6335877862595419
0.5084745762711864
0.5939849624060151
0.5454545454545454
0.5862745098039216
0.5338345864661654
0.5570469798657718
0.4962962962962963
0.48314606741573035
0.4491525423728814
0.5545454545454546
0.543859649122807
0.6367924528301887
0.5411764705882353
0.6283783783783784
0.6536312849162011
0.581081081081081
0.6044444444444445
0.503921568627451
0.592
0.5519125683060109
0.4552238805970149
0.6136363636363636
0.59375
0.5723270440251572
0.5457516339869282
0.4409448818897638
0.5942028985507246
0.5521472392638037
0.5486725663716814
0.5534591194968553
0.5139442231075697
0.6174496644295302
0.6507936507936508
0.5704225352112676
0.5886075949367089
0.5418502202643172
0.5267175572519084
0.5102040816326531
0.4914772727272727
0.6139240506329114
0.5982905982905983
0.5869565217391305
0.5513513513513514
0.6038961038961039
0.5233644859813084
0.6126760563380281
0.5428571428571428
0.5677966101694916
0.5526315789473685
0.5972222222222222
0.6455026455026455
0.544973544973545
0.41353383458646614
0.6242774566473989
0.5982658959537572
0.5342465753424658
0.573170731707317
0.6078431372549019
0.5625
0.6265060240963856
0.5954198473282443
0.5686274509803921
0.5909090909090909
0.5275590551181102
0.5373134328358209
0.5462184873949579
0.531578947368421
0.5384615384615384
0.509090909090909
0.5625
0.5763888888888888
0.5727272727272728
0.5307692307692308
0.6288659793814433
0.4473684210526315
0.5024390243902439
0.5416666666666666
0.5958549222797928
0.6363636363636364
0.6084656084656085
0.6518518518518519
0.5841121495327103
0.4897959183673469
0.5942028985507246
0.6324324324324324
0.5804878048780487
0.5
0.5412844036697247
0.6036585365853658
0.56
0.5306122448979592
0.5040650406504065
0.5289855072463768
0.4666666666666667
0.5771428571428572
0.5562913907284768
0.5670731707317073
0.6086956521739131
0.587378640776699
0.6346153846153846
0.5369318181818181
0.6037735849056604
0.468
0.47150259067357514
0.5263157894736842
0.5591836734693878
0.38181818181818183
0.5222222222222223
0.6370967741935484
0.5
0.6494845360824743
0.625
0.5198863636363636
0.6715328467153284
0.6490066225165563
0.5986842105263158
0.6564885496183206
0.5903614457831325
0.5471204188481675
0.5602409638554217
0.6274509803921569
0.5732484076433121
0.6428571428571429
0.5704225352112676
0.6477272727272727
0.5368421052631579
0.5373134328358209
0.5862068965517241
0.6635514018691588
0.5546875
0.50625
0.46745562130177515
0.505
0.4666666666666667
0.5706214689265536
0.559322033898305
0.6214285714285714
