0.6264367816091954
0.6615384615384615
0.592814371257485
0.4028436018957346
0.4970414201183432
0.46794871794871795
0.5789473684210527
0.4413145539906103
0.6077348066298343
0.4946236559139785
0.48497854077253216
0.48125
0.47
0.47783251231527096
0.5147058823529411
0.4563106796116505
0.5333333333333333
0.5044642857142857
0.49282296650717705
0.5338983050847458
0.5243243243243243
0.5508021390374331
0.546875
0.5048076923076923
0.4966442953020134
0.5706214689265536
0.56875
0.5408805031446541
0.6067961165048543
0.49173553719008267
0.5283018867924528
0.5209580838323353
0.5653409090909092
0.5793103448275863
0.4946524064171123
0.6842105263157895
0.4517766497461929
0.48717948717948717
0.5220588235294118
0.5714285714285714
0.675
0.49193548387096775
0.5963302752293578
0.5157894736842106
0.6043956043956044
0.5590062111801242
0.7142857142857143
0.4873096446700508
0.4625
0.5229885057471264
0.5746268656716418
0.5258620689655172
0.5304878048780488
0.6578947368421053
0.5298507462686567
0.654320987654321
0.6197916666666666
0.42045454545454547
0.49537037037037035
0.4144144144144144
0.5317073170731708
0.6174496644295302
0.6030534351145038
0.4954545454545455
0.4604651162790698
0.41818181818181815
0.601010101010101
0.5490196078431373
0.6347826086956522
0.5272727272727272
0.4666666666666667
0.4915254237288136
0.5714285714285714
0.5882352941176471
0.5370370370370371
0.55
0.45323741007194246
0.46923076923076923
0.5298507462686567
0.4961832061068702
0.6521739130434783
0.5488721804511278
0.5343915343915344
0.5
0.5503355704697986
0.45426829268292684
0.48120300751879697
0.46153846153846156
0.539568345323741
0.525974025974026
0.5674603174603174
0.5210526315789473
0.4823529411764706
0.6290322580645161
0.5030674846625767
0.6195652173913043
0.5642201834862385
0.5057803468208093
0.5384615384615384
0.563953488372093
0.5604395604395604
0.47305389221556887
0.4298642533936652
0.5984251968503937
0.5904255319148937
0.5617283950617284
0.5320197044334976
0.44324324324324327
0.49238578680203043
0.589622641509434
0.5506756756756757
0.555
0.5279503105590062
0.6721311475409836
0.6902654867256637
0.5707317073170731
0.5276073619631901
0.6170212765957447
0.6117021276595744
0.5906432748538012
0.5353982300884956
0.5736040609137056
0.43209876543209874
0.5211267605633803
0.5903614457831325
0.5024752475247525
0.4943181818181818
0.5674157303370787
0.4653846153846154
0.4935064935064935
0.5
0.5256410256410257
0.6627906976744186
0.6843971631205674
0.46774193548387094
0.5287356321839081
0.48756218905472637
0.4602510460251046
0.535
0.6793893129770993
0.5062761506276151
0.3930131004366812
0.5066079295154186
0.6986301369863014
0.6917293233082706
0.4708333333333333
0.6802721088435374
0.45754716981132076
0.5112107623318386
0.6076555023923444
