0.6709677419354839
0.5849056603773585
0.7083333333333334
0.6555555555555556
0.5443037974683544
0.541095890410959
0.632183908045977
0.5354330708661418
0.6629834254143646
0.6204188481675392
0.5724137931034483
0.6196078431372549
0.5245901639344263
0.5815217391304348
0.644808743169399
0.611764705882353
0.5913978494623656
0.6666666666666666
0.648936170212766
0.6428571428571429
0.5536723163841808
0.6482758620689655
0.631578947368421
0.6186440677966102
0.5454545454545454
0.6258503401360545
0.46733668341708545
0.6209677419354839
0.6228070175438597
0.6132075471698113
0.6589147286821705
0.608
0.5964912280701754
0.610062893081761
0.6490066225165563
0.6643835616438356
0.5652173913043478
0.6168831168831169
0.603448275862069
0.6171428571428571
0.6923076923076923
0.5478723404255319
0.7261904761904762
0.5921787709497207
0.7428571428571429
0.547486033519553
0.5911111111111111
0.6233766233766234
0.5466666666666666
0.5337423312883436
0.5450980392156862
0.6550218340611353
0.5333333333333333
0.6607142857142857
0.5799086757990868
0.6437768240343348
0.5952380952380952
0.54375
0.5529411764705883
0.6931216931216931
0.5794871794871795
0.4444444444444444
0.48604651162790696
0.6073619631901841
0.572429906542056
0.547486033519553
0.6162790697674418
0.4639175257731959
0.49238578680203043
0.664179104477612
0.6410256410256411
0.6046511627906976
0.5411764705882353
0.5771144278606966
0.6326530612244898
0.5359116022099447
0.6424581005586593
0.5604395604395604
0.4965986394557823
0.5652173913043478
0.6127659574468085
0.6117021276595744
0.5245098039215687
0.6446700507614214
0.5301724137931034
0.6067415730337079
0.6033755274261603
0.5789473684210527
0.5647058823529412
0.6447368421052632
0.62882096069869
0.5901639344262295
0.6391752577319587
0.5541666666666667
0.5879396984924623
0.5319148936170213
0.6648936170212766
0.5431472081218274
0.49583333333333335
0.7081081081081081
0.6
0.6548223350253807
0.5663265306122449
0.6275510204081632
0.5686274509803921
0.6225165562913907
0.5941176470588235
0.7163120567375887
0.6262626262626263
0.6641221374045801
0.659217877094972
0.4485981308411215
0.6010362694300518
0.6647398843930635
0.6122448979591837
0.6097560975609756
0.5258215962441315
0.5486111111111112
0.698019801980198
0.59
0.638095238095238
0.6073059360730594
0.6531531531531531
0.5384615384615384
0.6019900497512438
0.6314655172413792
0.6926605504587156
0.6119402985074627
0.5643564356435643
0.5165876777251185
0.649746192893401
0.6652542372881356
0.6013986013986014
0.5223880597014925
0.48627450980392156
0.5848214285714286
0.4607329842931937
0.7152777777777777
0.5927835051546392
0.6372549019607843
0.6732283464566929
0.4772727272727273
0.6224899598393574
0.6243093922651933
0.558974358974359
0.5301204819277109
0.5822222222222222
0.6047904191616766
0.5823529411764706
0.6369047619047619
