0.5306748466257669
0.5987654320987654
0.462882096069869
0.5398230088495575
0.5419847328244275
0.5027322404371585
0.5
0.4334763948497854
0.5416666666666666
0.5469613259668509
0.5526315789473684
0.5023255813953489
0.5900473933649288
0.6095890410958904
0.5025125628140703
0.49246231155778897
0.5367647058823529
0.5854922279792746
0.5684931506849316
0.5
0.46405228758169936
0.49390243902439024
0.525974025974026
0.5092592592592593
0.5279187817258884
0.7241379310344828
0.518348623853211
0.5541237113402062
0.5387323943661972
0.5163934426229508
0.4878048780487805
0.5247524752475248
0.5647058823529412
0.5121951219512195
0.6008230452674898
0.5222929936305732
0.4226190476190476
0.5765027322404371
0.5515151515151515
0.524822695035461
0.5026595744680851
0.5347593582887701
0.45774647887323944
0.5142857142857142
0.5692307692307692
0.45569620253164556
0.5298507462686567
0.5277777777777778
0.535483870967742
0.5547945205479452
0.5408163265306123
0.5364583333333334
0.5707070707070707
0.6135265700483091
0.5277777777777778
0.517948717948718
0.4964788732394366
0.4291845493562232
0.4975845410628019
0.5833333333333334
0.45
0.5246636771300448
0.5548780487804879
0.5225225225225225
0.4908256880733945
0.5581395348837209
0.43805309734513276
0.6363636363636364
0.5789473684210527
0.4720812182741117
0.5586854460093896
0.525
0.4786729857819905
0.5167464114832536
0.4975609756097561
0.541871921182266
0.5283018867924528
0.49047619047619045
0.49514563106796117
0.5163398692810458
0.4785714285714286
0.49230769230769234
0.5440251572327044
0.4605263157894737
0.6185567010309279
0.6073298429319371
0.43478260869565216
0.5634920634920635
0.4682080924855491
0.5568862275449101
0.4426229508196721
0.49122807017543857
0.6258064516129033
0.3933333333333333
0.5264900662251656
0.5116279069767442
0.5078125
0.5112359550561798
0.5
0.4641025641025641
0.4918032786885246
0.6159420289855072
0.5261904761904762
0.4669603524229075
0.5067873303167421
0.4978723404255319
0.6339869281045751
0.47916666666666663
0.6012269938650306
0.5828877005347594
0.5511363636363636
0.4510204081632653
0.51
0.40217391304347827
0.40816326530612246
0.5609756097560976
0.5285714285714286
0.5170454545454546
0.46875
0.47297297297297297
0.5375
0.6030534351145038
0.5964912280701754
0.5205479452054794
0.47368421052631576
0.6089743589743589
0.6356589147286822
0.4240506329113924
0.5374149659863946
0.43859649122807015
0.5384615384615384
0.5680473372781065
0.5
0.3793103448275862
0.4126984126984127
0.5431472081218274
0.4859154929577465
0.5240174672489083
0.5867768595041323
0.49700598802395207
0.5380710659898477
0.44785276073619634
0.4902439024390244
0.49079754601226994
0.615686274509804
0.449438202247191
0.44036697247706424
0.4926829268292683
0.49246231155778897
0.5684931506849316
0.5494791666666667
0.5137614678899083
0.4590909090909091
0.4438202247191011
0.5725490196078431
0.42990654205607476
0.47150259067357514
0.44
