0.6650485436893204
0.6549019607843137
0.6139534883720931
0.6666666666666666
0.6569037656903766
0.6918604651162791
0.545816733067729
0.6116071428571429
0.5610859728506787
0.5555555555555556
0.6404761904761904
0.6129032258064516
0.6178010471204188
0.6528497409326425
0.5565217391304348
0.5378787878787878
0.6375
0.6040723981900452
0.7526881720430108
0.5761316872427984
0.5341365461847389
0.6086956521739131
0.6142857142857143
0.5714285714285714
0.7207792207792207
0.6853932584269663
0.6367521367521367
0.5671641791044776
0.5821596244131455
0.6502463054187192
0.5147058823529411
0.6914285714285714
0.6549295774647887
0.6074074074074074
0.6666666666666666
0.5579710144927537
0.719626168224299
0.6646341463414634
0.6380368098159509
0.6262626262626263
0.6687898089171974
0.7155963302752294
0.5179856115107914
0.5929203539823009
0.6870229007633588
0.676923076923077
0.7018633540372671
0.625
0.5676470588235294
0.5746268656716418
0.6055555555555555
0.6923076923076923
0.6836734693877551
0.6594594594594595
0.7008928571428571
0.6887755102040817
0.6063348416289592
0.6210045662100456
0.6525821596244131
0.6209677419354839
0.6588235294117647
0.69375
0.5132743362831859
0.6699999999999999
0.675531914893617
0.631578947368421
0.6545454545454545
0.49748743718592964
0.6756756756756757
0.69
0.5544041450777202
0.6491228070175439
0.7745664739884393
0.5274725274725275
0.7307692307692307
0.5538461538461539
0.6842105263157895
0.6149732620320856
0.696551724137931
0.6604938271604939
0.6783625730994152
0.5265700483091788
0.6118421052631579
0.7107438016528925
0.6928104575163399
0.4387755102040816
0.5502958579881657
0.6948717948717948
0.6681034482758621
0.7486033519553073
0.5885416666666666
0.6565656565656566
