0.5888324873096447
0.44594594594594594
0.5151515151515151
0.5340314136125655
0.6810344827586207
0.6880733944954128
0.6
0.47619047619047616
0.43137254901960786
0.6805555555555556
0.6402877697841727
0.6935483870967742
0.6507936507936508
0.5482233502538071
0.538961038961039
0.5747126436781609
0.5568627450980392
0.39565217391304347
0.5172413793103449
0.6363636363636364
0.6956521739130435
0.44970414201183434
0.5792349726775956
0.6447368421052632
0.6666666666666666
0.6666666666666666
0.6433566433566433
0.6770186335403726
0.698744769874477
0.7466666666666667
0.5049019607843137
0.71875
0.7314285714285714
0.5764705882352941
0.5450980392156862
0.6470588235294118
0.5482233502538071
0.5980392156862745
0.6770186335403726
0.5833333333333333
0.6132596685082873
0.5213675213675214
0.7176470588235294
0.6987951807228916
0.6102564102564103
0.5892116182572614
0.5088757396449705
0.5725490196078431
0.601593625498008
0.6843137254901961
0.6909722222222222
0.5294117647058824
0.66
0.6439024390243903
0.5843137254901961
0.6392156862745098
0.6313725490196078
0.6511627906976745
0.7139423076923077
0.49794238683127573
0.68125
0.5816733067729084
0.5372549019607843
0.6900584795321637
0.6891891891891891
0.7624309392265194
0.7215686274509804
0.6795580110497238
0.5333333333333333
0.41784037558685444
0.7342857142857142
0.7167630057803468
0.5968586387434555
0.6818181818181819
0.7368421052631579
0.7803921568627451
0.5165289256198347
0.6114649681528662
0.4567901234567901
0.5314285714285715
0.5571428571428572
0.6310160427807486
0.6510416666666666
0.6774193548387096
0.4742268041237113
0.606951871657754
0.6363636363636364
0.5817307692307693
0.5265486725663717
0.56353591160221
0.5444444444444444
0.6129032258064516
0.4691358024691358
0.6
0.6858974358974359
0.7258064516129032
0.6811594202898551
0.5428571428571428
0.6855670103092784
0.5372549019607843
0.5717703349282297
0.6455026455026455
0.6785714285714286
0.6
0.6766917293233082
0.5562130177514792
0.5882352941176471
0.7477477477477478
0.5151515151515151
0.7543859649122807
0.6875
0.49214659685863876
0.45925925925925926
