0.7379310344827587
0.4954545454545455
0.7211538461538461
0.6582278481012658
0.7121212121212122
0.6309523809523809
0.5538461538461539
0.7196969696969697
0.672514619883041
0.6918238993710691
0.7358490566037735
0.5978835978835979
0.5156862745098039
0.5061728395061729
0.5555555555555556
0.6649746192893401
0.6607142857142857
0.75
0.6823529411764706
0.6457142857142857
0.6477987421383647
0.7337662337662337
0.5607843137254902
0.6431372549019608
0.6532258064516129
0.6850393700787402
0.48484848484848486
0.5251396648044693
0.5263157894736842
0.7305389221556886
0.6333333333333333
0.5380710659898477
0.48535564853556484
0.6809815950920245
0.7122302158273381
0.627906976744186
0.6285714285714286
0.7166666666666667
0.5264423076923077
0.6721311475409836
0.5804195804195804
0.7102803738317757
0.5355648535564853
0.5025380710659898
0.48623853211009177
0.7073170731707317
0.5263157894736842
0.68
0.6529411764705882
0.6042780748663101
0.7237569060773481
0.6447368421052632
0.6396396396396397
0.61
0.6484375
0.648
0.569620253164557
0.53125
0.6524390243902439
0.7137096774193549
0.6842105263157895
0.6413043478260869
0.6904761904761905
0.5205479452054794
0.624
0.673469387755102
0.6168831168831169
0.5328467153284672
0.6790123456790124
0.5296052631578947
0.638095238095238
0.8034682080924855
0.5209580838323353
0.6761904761904762
0.5488721804511278
0.6756756756756757
0.5130434782608696
0.6715328467153284
0.656
0.5826771653543307
0.5309278350515464
0.7345971563981043
0.6411483253588517
0.44495412844036697
0.5925925925925926
0.4672131147540984
0.5833333333333333
0.5047619047619047
0.6788617886178862
0.6637931034482759
0.7252747252747253
0.6363636363636364
0.4645161290322581
0.4793388429752066
0.6421052631578947
0.5260115606936416
0.6102941176470589
0.6578947368421053
0.6918238993710691
0.6568627450980392
0.6097560975609756
0.5735294117647058
0.4603960396039604
0.6318681318681318
0.6134020618556701
0.6829268292682927
0.6165413533834586
0.6666666666666666
0.7341040462427746
0.60431654676259
0.5576923076923077
0.6837606837606838
0.5591836734693878
0.4973821989528796
0.5769230769230769
0.7278481012658228
0.7517006802721089
0.5972222222222222
0.7734375
0.5740740740740741
0.6485507246376812
0.5047169811320755
0.6174863387978142
0.5432692307692307
0.6918918918918919
0.6533333333333333
0.5343511450381679
0.4971751412429379
0.5450980392156862
0.5045454545454545
0.5215686274509804
0.55
0.5743589743589743
0.5760233918128654
0.6821705426356589
0.7
0.5847457627118644
0.5380116959064327
0.5067567567567568
0.6545454545454545
0.5573770491803278
0.5460992907801419
0.54421768707483
0.7226890756302521
0.5443548387096774
0.5986394557823129
0.5612903225806452
0.5620437956204379
0.6139240506329114
0.5595238095238095
0.3492063492063492
0.7090909090909091
